
%liczba neuronów ukrytych: 6, liczba wejœæ sieci: 4
%wejœcie 1: u(k-5)
%wejœcie 2: u(k-6)
%wejœcie 3: y(k-1)
%wejœcie 4: y(k-2)
%uczenie w trybie OE
w10(1,1)=-5.7370640371e-001; w1(1,1)=-1.9812169456e+000; w1(1,2)=-1.9997098704e+000; w1(1,3)=-2.3430918874e-002; w1(1,4)=1.6740349351e-002; 
w10(2,1)=6.1497169438e-001; w1(2,1)=1.7321225581e+000; w1(2,2)=1.7921768888e+000; w1(2,3)=-5.7097978397e-002; w1(2,4)=1.0368412575e-001; 
w10(3,1)=1.6130796603e+000; w1(3,1)=-8.6225507708e-001; w1(3,2)=-7.8937378852e-001; w1(3,3)=-7.8987941798e-001; w1(3,4)=-7.7129129631e-001; 
w10(4,1)=2.5405272406e+000; w1(4,1)=2.7729945854e+000; w1(4,2)=2.7342882580e+000; w1(4,3)=-9.3000639047e-001; w1(4,4)=-5.4212201662e-001; 
w10(5,1)=1.7920794708e-001; w1(5,1)=-5.0581050564e-002; w1(5,2)=-1.0500799111e-001; w1(5,3)=2.6341922156e-001; w1(5,4)=9.6788459127e-002; 
w10(6,1)=2.1406148020e-001; w1(6,1)=4.0633156777e-001; w1(6,2)=2.5672221068e-001; w1(6,3)=4.5177507602e-002; w1(6,4)=2.0521912380e-001; 
w20=-4.9180155256e+000; w2(1)=-1.5088227568e+000; w2(2)=2.5355025507e+000; w2(3)=4.4047145899e-001; w2(4)=2.6225962618e+000; w2(5)=-1.1830315933e+000; w2(6)=1.1410346700e-001; 

