
%liczba neuronów ukrytych: 4, liczba wejœæ sieci: 4
%wejœcie 1: u(k-5)
%wejœcie 2: u(k-6)
%wejœcie 3: y(k-1)
%wejœcie 4: y(k-2)
%uczenie w trybie ARX
w10(1,1)=-1.4314976437e-001; w1(1,1)=-7.7022315425e-002; w1(1,2)=-4.7197682457e-001; w1(1,3)=-9.0577219661e-001; w1(1,4)=8.0830473548e-001; 
w10(2,1)=1.6055146773e+000; w1(2,1)=8.5658219450e-002; w1(2,2)=7.2483599688e-001; w1(2,3)=-4.8618621359e-001; w1(2,4)=-3.4954621949e-001; 
w10(3,1)=1.4293055832e+000; w1(3,1)=7.7336646422e-002; w1(3,2)=-1.9618556105e-001; w1(3,3)=2.6573029868e-001; w1(3,4)=6.8283053897e-002; 
w10(4,1)=5.0001339167e-002; w1(4,1)=-4.4764144288e-002; w1(4,2)=-1.7555429477e-001; w1(4,3)=2.0612156336e-001; w1(4,4)=1.4777372536e-001; 
w20=-1.6387392846e+000; w2(1)=-1.3026213735e+000; w2(2)=-5.3427565560e-001; w2(3)=2.0802099109e+000; w2(4)=1.8132504239e+000; 

