
%liczba neuronów ukrytych: 4, liczba wejœæ sieci: 4
%wejœcie 1: u(k-5)
%wejœcie 2: u(k-6)
%wejœcie 3: y(k-1)
%wejœcie 4: y(k-2)
%uczenie w trybie OE
w10(1,1)=3.0233731063e-001; w1(1,1)=4.8202079439e-001; w1(1,2)=6.5084733523e-001; w1(1,3)=-8.1174462108e-002; w1(1,4)=2.4453445241e-001; 
w10(2,1)=1.3128074869e-001; w1(2,1)=3.8324253426e-001; w1(2,2)=3.1886884951e-001; w1(2,3)=-5.6031407508e-002; w1(2,4)=-3.6765839053e-001; 
w10(3,1)=-8.1215157728e-002; w1(3,1)=3.9119520570e-001; w1(3,2)=5.2588324419e-001; w1(3,3)=1.0354225966e-001; w1(3,4)=4.4216277571e-002; 
w10(4,1)=-8.9375158653e-001; w1(4,1)=-1.7014089511e-001; w1(4,2)=-3.8729383334e-001; w1(4,3)=4.6756193993e-002; w1(4,4)=-3.7780540125e-001; 
w20=-1.0785735142e+000; w2(1)=7.8474878017e-001; w2(2)=-1.1569175579e+000; w2(3)=3.1233376181e-001; w2(4)=-1.5139643555e+000; 

