
%liczba neuronów ukrytych: 6, liczba wejœæ sieci: 4
%wejœcie 1: u(k-5)
%wejœcie 2: u(k-6)
%wejœcie 3: y(k-1)
%wejœcie 4: y(k-2)
%uczenie w trybie OE
w10(1,1)=-1.8131101631e-001; w1(1,1)=-1.7258338435e+000; w1(1,2)=-1.5319014223e+000; w1(1,3)=-2.7424320037e-001; w1(1,4)=2.8597307376e-001; 
w10(2,1)=-1.8153117672e+000; w1(2,1)=4.0220680560e-001; w1(2,2)=-5.4864912865e-002; w1(2,3)=-9.9287248644e-001; w1(2,4)=5.2181851576e-001; 
w10(3,1)=4.6629512303e-001; w1(3,1)=-5.3013138028e-001; w1(3,2)=7.2097464371e-001; w1(3,3)=1.8459362639e-001; w1(3,4)=1.7751402214e-001; 
w10(4,1)=1.6053592791e+000; w1(4,1)=8.0188215065e-001; w1(4,2)=-3.4988568331e-001; w1(4,3)=-5.0044013929e-001; w1(4,4)=5.6755301506e-001; 
w10(5,1)=-3.2664428615e+000; w1(5,1)=-2.1547888067e+000; w1(5,2)=-6.9695124833e-001; w1(5,3)=1.2767049872e+000; w1(5,4)=1.7828463819e+000; 
w10(6,1)=3.5398221107e-001; w1(6,1)=-5.8644595923e-001; w1(6,2)=-5.1345892598e-001; w1(6,3)=-7.2706249699e-001; w1(6,4)=2.0202978677e+000; 
w20=-3.8872793108e+000; w2(1)=-4.1164013653e-001; w2(2)=-1.4768848825e+000; w2(3)=1.4043945191e+000; w2(4)=2.3704506336e+000; w2(5)=4.7806686033e-001; w2(6)=2.6407506176e-001; 

