
%liczba neuronów ukrytych: 4, liczba wejœæ sieci: 4
%wejœcie 1: u(k-5)
%wejœcie 2: u(k-6)
%wejœcie 3: y(k-1)
%wejœcie 4: y(k-2)
%uczenie w trybie OE
w10(1,1)=-1.5653491004e+000; w1(1,1)=3.6056084912e-001; w1(1,2)=-3.8096357164e-001; w1(1,3)=-2.2879510225e+000; w1(1,4)=2.5541183035e+000; 
w10(2,1)=9.5544924833e-001; w1(2,1)=2.6592408488e-002; w1(2,2)=-3.6257767112e-003; w1(2,3)=3.5284019266e-001; w1(2,4)=-8.4607904267e-002; 
w10(3,1)=-1.3607563216e-001; w1(3,1)=-1.1008990768e+000; w1(3,2)=1.0172133135e+000; w1(3,3)=7.7029421000e-001; w1(3,4)=-1.7067932310e-001; 
w10(4,1)=-3.6701613416e-001; w1(4,1)=-9.8846167202e-002; w1(4,2)=-3.8025075091e+000; w1(4,3)=1.7390585678e-001; w1(4,4)=-1.7578168900e-001; 
w20=-1.7203602086e+000; w2(1)=8.9050605592e-001; w2(2)=3.4047893938e+000; w2(3)=7.3307177289e-001; w2(4)=-3.1875960166e-001; 

